 32inversion model 0303            
  1     3.70    2.13    1.95    1.70    0.00    0.00    0.00    0.00
  2     5.31    3.07    2.47    1.50    0.00    0.00    0.00    0.00
  3     5.60    3.23    2.56    1.50    0.00    0.00    0.00    0.00
  4     5.62    3.25    2.57    1.50    0.00    0.00    0.00    0.00
  5     5.68    3.28    2.59    1.50    0.00    0.00    0.00    0.00
  6     5.94    3.43    2.67    1.50    0.00    0.00    0.00    0.00
  7     6.06    3.50    2.71    1.50    0.00    0.00    0.00    0.00
  8     6.31    3.64    2.79    1.50    0.00    0.00    0.00    0.00
  9     6.46    3.73    2.84    1.50    0.00    0.00    0.00    0.00
 10     6.60    3.81    2.88    1.00    0.00    0.00    0.00    0.00
 11     6.72    3.88    2.92    2.50    0.00    0.00    0.00    0.00
 12     6.88    3.97    2.97    2.50    0.00    0.00    0.00    0.00
 13     6.91    3.99    2.98    2.50    0.00    0.00    0.00    0.00
 14     6.93    4.00    2.99    2.50    0.00    0.00    0.00    0.00
 15     6.86    3.96    2.96    2.50    0.00    0.00    0.00    0.00
 16     6.90    3.99    2.98    2.50    0.00    0.00    0.00    0.00
 17     7.31    4.22    3.11    2.50    0.00    0.00    0.00    0.00
 18     7.05    4.07    3.03    2.50    0.00    0.00    0.00    0.00
 19     6.90    3.99    2.98    2.50    0.00    0.00    0.00    0.00
 20     7.05    4.07    3.03    2.50    0.00    0.00    0.00    0.00
 21     7.34    4.24    3.12    2.50    0.00    0.00    0.00    0.00
 22     7.52    4.34    3.18    1.50    0.00    0.00    0.00    0.00
 23     7.36    4.25    3.13    1.50    0.00    0.00    0.00    0.00
 24     7.30    4.21    3.11    1.50    0.00    0.00    0.00    0.00
 25     7.58    4.38    3.20    1.50    0.00    0.00    0.00    0.00
 26     7.71    4.45    3.24    1.50    0.00    0.00    0.00    0.00
 27     7.74    4.47    3.25    1.50    0.00    0.00    0.00    0.00
 28     7.82    4.52    3.27    1.50    0.00    0.00    0.00    0.00
 29     8.01    4.62    3.33    2.50    0.00    0.00    0.00    0.00
 30     8.08    4.66    3.35    2.50    0.00    0.00    0.00    0.00
 31     8.19    4.73    3.39    2.50    0.00    0.00    0.00    0.00
 32     8.16    4.71    3.38    0.00    0.00    0.00    0.00    0.00
