              1  -0.0004137942   0.0005588916       1.97e+09         -12345
      0.3200073         628.32              0         -12345              2
         -12345         -12345         -12345         -12345         -12345
         -12345         -12345         -12345         -12345         -12345
         -12345         -12345         -12345         -12345         -12345
         -12345         -12345         -12345         -12345         -12345
         -12345        44.6164       129.5919            250             50
         35.351        121.109         -12345         -12345         -12345
         -12345         -12345         -12345         -12345         -12345
         -12345         -12345         -12345         -12345         -12345
       1256.751        32.5078       217.9611       11.30513         -12345
         -12345   1.635844e-07              0              0         -12345
         -12345         -12345         -12345         -12345         -12345
         -12345         -12345         -12345         -12345         -12345
      1992        22        21        41        25
       969         6         0         0       629
    -12345    -12345    -12345    -12345    -12345
         1    -12345    -12345    -12345    -12345
    -12345    -12345    -12345    -12345    -12345
    -12345    -12345    -12345    -12345    -12345
    -12345    -12345    -12345    -12345    -12345
         1         0         1         1         0
MDJ      YelSea          
        -12345  -12345  
-12345  -12345  -12345  
-12345  -12345  -12345  
-12345  -12345  -12345  
-12345  -12345  -12345  
-12345  -12345  Vertical
CD      -12345  -12345  
   0.0001934051   6.208914e-05   -0.000332857   0.0003877665    -0.00019269
  -0.0001069791   0.0002914627   -0.000256199   7.651919e-05   0.0001104027
  -0.0001994578   0.0001444785    3.57674e-05  -0.0002557545   0.0003517708
  -0.0001935265  -0.0001023456   0.0002566236  -0.0002077952   0.0001142761
  -9.919187e-06  -0.0001316954   0.0001694703  -3.807783e-05  -7.008058e-05
   1.908715e-05   5.794477e-05  -4.528957e-06  -9.833415e-05   9.059838e-05
  -2.523323e-05   2.981303e-05  -3.959538e-05  -4.480396e-05    0.000150209
  -0.0001778362   0.0001509028   -9.45888e-05  -5.584261e-05   0.0002708551
  -0.0003222914   0.0001141722   0.0001015351  -0.0001081273   9.513535e-06
    6.07945e-06   0.0001081482  -0.0002680573   0.0003162296  -0.0001393793
  -0.0001791937   0.0003869138  -0.0003157184    6.35254e-05   0.0001418312
  -0.0002177077   0.0002340772  -0.0001802541  -2.810064e-05   0.0002881773
  -0.0003397453   0.0001035327   0.0001894941   -0.000265768   0.0001044566
   0.0001214733  -0.0002764285   0.0002968657  -0.0001409729  -0.0001187902
   0.0002565118  -0.0001623274   4.020422e-05   -6.70573e-05   8.157667e-05
   6.052177e-05  -0.0001855495   0.0001537116  -7.031881e-05  -8.153269e-06
   0.0001121902  -0.0001132566  -8.526609e-05   0.0002473825  -0.0001291404
  -0.0001135726   0.0001944288  -0.0001461148   0.0001697547  -0.0002437234
   0.0002076856  -5.572914e-05  -8.907654e-05   0.0001557929  -0.0001775914
   0.0002006316  -0.0001824198    7.49239e-05   7.581192e-05  -0.0001822335
   0.0001701732  -5.080707e-05  -7.981677e-05    0.000169695  -0.0001860419
   4.828046e-05   0.0001726174  -0.0001936217  -3.607997e-05   0.0001695173
  -3.969846e-05  -0.0001026568   0.0001240362  -0.0001435767   0.0001253586
   5.548837e-05   -0.000280346   0.0003069539  -9.751605e-05  -0.0001427752
   0.0002235998  -0.0001244441  -8.765626e-05   0.0002675904  -0.0002108834
  -8.290481e-05    0.000335899  -0.0003486476    0.000227428  -0.0001440999
   7.182914e-05   8.616089e-05  -0.0002603991   0.0003276804   -0.000322642
   0.0003056538  -0.0001833907  -9.743621e-05   0.0003550148  -0.0003800707
   0.0002146855  -4.731899e-05  -7.770598e-05   0.0002315018  -0.0003396012
   0.0002356174    5.73064e-05  -0.0003054126   0.0003153342  -0.0001338678
  -2.218035e-05   6.699103e-05   -0.000127451   0.0002316731  -0.0002171427
   5.310483e-05   0.0001347292  -0.0002879082   0.0003309486  -0.0001577731
  -0.0001188078   0.0002607983  -0.0002118373   6.090593e-05   0.0001069851
  -0.0001729785   7.669332e-05   5.129761e-05  -9.398544e-05   7.077539e-05
   4.867043e-06  -8.347558e-05   3.436089e-05   0.0001118709  -0.0001777403
   0.0001238467  -3.694239e-05  -7.219433e-05   0.0001953753  -0.0002021925
   3.209998e-05   0.0001332997  -0.0001305752   5.135755e-05  -4.661523e-05
   7.790436e-05    -2.2997e-05  -0.0001005529   0.0001741178  -0.0001467855
   6.162997e-05  -3.015342e-05   0.0001236826  -0.0001960901   5.415366e-05
   0.0002059291  -0.0003027121   0.0001706112   3.382502e-06  -7.269366e-05
   5.172518e-05  -2.459853e-06  -2.781633e-05   2.458546e-05   1.063617e-05
  -7.170132e-05   0.0001018353   -1.63199e-05  -0.0001533843   0.0002436212
  -0.0001626492  -1.703258e-06   0.0001587321  -0.0002786698   0.0002621133
  -7.894656e-05  -7.368468e-05   5.153252e-05   7.001496e-06   4.666801e-05
  -0.0001514222   0.0001900723  -0.0001533703   7.285712e-05   3.945088e-05
  -0.0001354168    0.000167233  -0.0001741729   0.0001776621  -9.557467e-05
  -9.656882e-05   0.0002470826  -0.0002098373   5.971793e-05   3.844649e-05
  -8.043332e-05   0.0001296543  -0.0001380432   4.870188e-05   0.0001008514
  -0.0002272266   0.0002260151   -4.00002e-05  -0.0001967328   0.0002388488
  -5.753174e-05  -0.0001225467   0.0001260814    1.90792e-05  -0.0001182202
   1.523834e-05   0.0001395565  -0.0001086398  -4.653559e-05   0.0001080375
  -3.416466e-05  -4.202345e-05   2.085879e-05     4.9714e-05  -8.485538e-05
   8.035011e-05  -3.148347e-05  -0.0001142607   0.0002797605  -0.0002581595
   4.223359e-05   0.0001112321  -6.152665e-05  -3.847498e-05   3.853523e-06
   0.0001372665  -0.0002302109    0.000225704  -0.0001836281   0.0001081967
   2.666692e-05  -0.0001405322    0.000127425  -2.755376e-05  -3.129169e-05
    1.68303e-05   3.868498e-05  -0.0001388606   0.0002193916  -0.0001576836
   5.295364e-06   6.140293e-05  -6.192634e-05   0.0001428724  -0.0002534178
   0.0002308815  -6.474547e-05  -0.0001112167   0.0001740271  -0.0001545765
   0.0001790173  -0.0001952512   6.946898e-05   7.890537e-05  -5.461488e-05
  -3.940405e-05   3.072483e-05    1.99068e-05  -6.751148e-05   0.0001726311
  -0.0002255047   9.163479e-05   8.580962e-05  -0.0001228526   6.735232e-05
  -8.576847e-06  -4.740043e-05   7.598157e-05  -4.006329e-05  -1.295437e-05
   1.761039e-05  -9.603306e-06    3.38004e-05  -4.091123e-05   4.453045e-05
   -9.24717e-05   0.0001075208     1.5301e-06  -0.0001548733   0.0001949913
  -5.517535e-05  -0.0001176914   0.0001113198   3.920605e-05  -0.0001255525
   0.0001139269  -6.592609e-05  -3.733953e-05   0.0001696772  -0.0001729284
   1.008189e-05   0.0001060628  -2.695324e-05  -7.765959e-05   7.824072e-08
   0.0001589936  -0.0001587405  -3.606304e-05   0.0001732153  -8.517647e-05
  -6.425325e-05   3.896547e-05   7.664942e-05  -0.0001036247   6.679609e-05
  -9.124602e-05   0.0001617067  -0.0001813552   4.129659e-05   0.0002256298
  -0.0003850145   0.0002488814   3.358908e-05  -0.0001452753   1.319154e-05
   0.0001515129   -0.000155748   3.202336e-06   0.0001529343  -0.0001325962
    -2.5266e-05   8.572073e-05   2.400029e-05  -0.0001240354   0.0001070315
  -4.230652e-06  -0.0001091605   0.0001458279  -5.741813e-05  -6.896522e-05
   0.0001097166  -7.330508e-05   5.181467e-05  -7.697168e-05   9.153402e-05
  -7.887828e-05   2.065755e-05    7.94506e-05  -0.0001246093   3.384677e-05
   7.803366e-05  -5.333792e-05  -2.620762e-05   3.304206e-05   -3.43078e-05
    0.000109028  -0.0001406553   7.014678e-05  -2.191969e-05   5.419368e-05
  -3.504407e-05  -3.376984e-05   4.136027e-05   2.962053e-05  -0.0001415668
   0.0002110277  -0.0001188564  -0.0001076992   0.0002379476  -0.0002118617
   0.0001644552  -0.0001995254   0.0002403061  -0.0001757252   5.314267e-05
   2.894541e-05  -4.998138e-05   0.0001537392  -0.0003945423   0.0005588916
  -0.0003853947  -9.599613e-05   0.0004817173  -0.0004137942   5.560673e-05
   0.0002033807  -0.0001320428  -9.453819e-05   0.0001355277  -6.693268e-05
  -2.187545e-05    6.36683e-05  -3.459474e-05    -4.0517e-05   0.0001412072
  -3.889368e-05  -0.0001841027   0.0002710463   -0.000159739   2.424546e-05
   5.655071e-05  -0.0002286905   0.0003641662  -0.0002829736  -3.515718e-06
   0.0002457057  -0.0002211503   3.774452e-05    7.95439e-05   5.490776e-06
  -0.0001649882   0.0002342201  -0.0001283283  -0.0001413339   0.0003522709
   -0.000326099    9.86559e-05    0.000104268  -0.0001199145   3.032418e-05
  -1.034668e-05   9.359002e-05  -0.0001434164   9.549067e-05  -1.866532e-05
  -1.412587e-05  -1.394319e-05   2.144071e-05   6.187554e-05  -0.0001568864
     0.00016949  -5.271757e-05  -0.0001444386   0.0002114089  -0.0001044063
   1.423619e-05  -1.862202e-05   1.399894e-05   6.617311e-05  -0.0001294537
   8.502029e-05    2.67102e-06  -3.672571e-05  -9.353173e-06   7.401483e-05
  -6.255164e-05   9.381788e-06   1.505026e-05  -5.587421e-05   0.0001486587
  -0.0001946911   8.859422e-05   8.231059e-05  -0.0001611774   0.0001310306
  -7.198918e-05   3.018965e-05  -2.526599e-05   4.768071e-05  -1.659153e-05
  -6.641038e-05    0.000109721  -0.0001028572   8.237371e-05  -8.578302e-05
   0.0001043949  -6.638025e-05  -2.838571e-05   9.352795e-05  -9.758738e-05
   9.855077e-05   -0.000110035   0.0001145525  -0.0001437535   0.0001659512
  -7.606825e-05  -0.0001312774   0.0003071242     -0.0003189   0.0001787737
   4.211262e-05  -0.0002496028   0.0002934541  -0.0001254366  -9.409281e-05
   0.0002090572  -0.0002228463   0.0001619665  -1.967405e-05  -0.0001643682
   0.0002784276  -0.0002416274   9.292215e-05   8.502234e-05  -0.0001625717
   8.971612e-05   1.753289e-05  -5.862278e-05   7.670968e-06   7.711495e-05
  -0.0001046846    8.11502e-05  -7.613934e-05   6.966933e-05    5.10328e-05
  -0.0002299058   0.0002070396   7.314599e-05  -0.0003103512   0.0002609429
  -9.875534e-06  -0.0002104041   0.0002659274  -0.0001991454   0.0001509426
  -0.0001651992   0.0001079181   0.0001099331  -0.0003357161   0.0003662641
   -0.000233373   0.0001201855   -5.55865e-05   -7.07479e-05   0.0002431258
  -0.0003169502   0.0002134625  -1.037086e-05   -0.000136618   0.0001413962
  -4.700725e-05  -5.850604e-05   0.0001364549  -0.0001409139   3.279625e-05
   0.0001376032  -0.0002873683   0.0003279534   -0.000189461  -9.221558e-05
   0.0003158205  -0.0002934323   7.122284e-05   0.0001317273  -0.0001152622
  -4.989782e-05   0.0001022208   6.143741e-06   -8.11609e-05   3.719434e-05
   1.613494e-05  -5.541291e-05   0.0001415833  -0.0002067979    0.000136366
   7.093388e-05  -0.0002961967   0.0003815348  -0.0002560897   1.318867e-05
   0.0001751654  -0.0002169124   0.0001228912   3.007254e-05  -9.151742e-05
   1.492783e-05   2.121596e-05   5.230237e-05  -4.556312e-05  -0.0001284847
   0.0003087212  -0.0003022033   6.217337e-05   0.0002456217  -0.0003720426
   0.0002388074  -1.725735e-05  -0.0001011711   0.0001186593  -9.394923e-05
   4.671049e-05  -2.557329e-05   3.489341e-05  -2.146951e-06  -7.409029e-05
   7.213435e-05   3.196998e-05   -0.000103074   4.174186e-05   0.0001009987
  -0.0001731782   0.0001180714  -2.062535e-05   -4.64421e-05
